1	Australian Tropical Territories	16	97		93	52	89	66	8	67	100	94	78	82
2	Australian Southern Ocean Territories	14	97				89	66	8	88	1	95	100	81
3	New Caledonia	13	88	94	48	62	100	88	18	70	2	79	73	74
4	Vanuatu	2	76	6	64	48	100	100	13	70	1	67	84	78
5	Solomon Islands	9	70	62	49	69	100	100	1	70	0	71	75	75
6	Palau	15	80	1	64	66	75	75	85	67	0	81	98	77
7	Micronesia	15	68	8	93	80	75	55	5	67	0	79	98	74
8	Nauru	11	75			97	80	70	13	79	0	78	99	71
9	Marshall Islands	7	74	71	86	87	80	55	0	72	0	71	97	75
10	Taiwan	45	95	38	95	50	48	72	3	65	11	61	98	79
11	Philippines	4	78	40	61	69	100	43	0	64	26	69	75	73
12	Australia	40	97	40	92	59	86	69	1	87	78	93	94	80
13	Papua New Guinea	0	72	8	76	64	95	96	0	68	7	71	85	73
14	Fiji	20	72	40	54	85	68	52	16	64	0	72	78	73
15	Tuvalu	3	73			100	76	73	3	73	0	82	100	74
16	South Korea	54	96	76	0	0	79	97	4	77	33	68	41	74
17	North Korea	17	63	21		93	45	67	1	72	0	62	100	72
18	Cambodia	3	79	0	50	83	52	44	2	59	44	67	81	77
19	Thailand	41	89	50	65	41	97	51	6	63	51	81	82	78
20	Comoros	6	60		84	32	95	42	0	59	2	62	88	71
21	French Indian Ocean Territories	37	77	0	90	50	96	78	6	66	6	54	96	77
22	Seychelles	12	89	83	100	84	96	87	55	66	43	72	98	75
23	Mauritius	0	86	44	89	83	68	76	25	64	10	74	95	77
24	British Indian Ocean Territory	4	79			100	67	62	7	57	97	70	100	72
25	Maldives	0	77	1	85	75	100	63	30	66	0	83	90	72
26	Sri Lanka	14	74	7	74	34	71	44	0	62	15	73	97	74
27	Mozambique	11	62	7	96	67	100	100	0	67	36	67	93	75
28	Madagascar	2	60	78	66	44	69	76	0	65	4	71	83	73
29	Kenya	15	75	32	79	56	98	47	1	67	34	64	81	74
30	Somalia	1	54	65	46	34	96	71	16	66	0	68	63	70
31	Eritrea	7	66	6	84	87	96	51	0	61	0	67	92	76
32	Djibouti	3	74	0		97	96	89	2	74	2	76	100	79
33	Yemen	0	76	15	68	34	100	16	0	65	0	65	90	73
34	Oman	32	90	45		99	100	38	9	62	35	84	98	77
35	Sudan	5	70	0	82	35	67	58	0	69	0	74	95	74
36	Saudi Arabia	34	88	23	81	34	100	93	3	69	16	76	94	80
37	Kuwait	3	97	6	86	25	100	78	0	56	0	79	97	81
38	Bahrain	4	95	15	58	49	100	22	53	52	0	74	75	81
39	Pakistan	13	75	51	29	29	100	45	0	74	22	68	57	72
40	United Arab Emirates	15	96	49	93	38	100	98	27	68	0	87	98	83
41	Cape Verde	27	74				100	100	10	73	0	75	99	73
42	Belgium	11	95	75	100	100	61	56	4	58	5	71	99	82
43	Gibraltar	1	96				74	61	25	60	0	67	100	74
44	Tunisia	23	89	75			99	69	6	73	0	74	97	77
45	Morocco	0	81	46			100	66	2	65	8	66	90	70
46	Western Sahara	4	67				92	59	2	63	44	76	99	65
47	Mauritania	28	72	86			94	37	0	70	100	69	97	74
48	Gambia	4	75		57	57	96	100	1	83	0	54	75	71
49	Senegal	7	72	9	34	5	98	82	0	68	74	55	51	71
50	Libya	9	81	44			59	16	0	66	0	76	100	76
51	Malta	13	94	0	87	87	99	4	82	66	26	80	93	80
52	Latvia	9	91	53	54	75	45	71	7	63	78	74	79	86
53	Estonia	28	95	95	100	88	70	47	5	64	100	77	98	90
54	Bulgaria	6	89	18			57	31	12	72	33	72	100	73
55	Romania	7	90	4			55	41	1	73	100	77	100	79
56	Russia	53	91	1	100	93	98	34	0	72	64	97	100	90
57	Georgia	7	86	100			99	85	3	72	3	73	100	75
58	Ukraine	16	83	90	83	83	86	39	1	71	33	68	93	75
59	Turkey	19	91	34			94	58	5	66	0	72	89	78
60	Syria	7	84	4			98	67	4	64	0	58	97	87
61	Lebanon	5	88	35			92	85	2	62	0	59	90	87
62	Israel	10	96	62	91	91	98	80	5	55	2	65	95	89
63	Greece	18	95	39			87	57	16	67	20	83	96	85
64	Cyprus	9	95	0			49	16	79	64	8	77	97	93
65	Albania	10	88	0			100	100	1	65	30	85	100	80
66	Algeria	0	85	0			65	59	0	67	1	65	89	74
67	French Southern Ocean Territories	3	96				77	73	21	51	0	88	100	80
68	British Southern Ocean Territories	13	97	0			76	74	21	59	1	86	95	81
69	Sierra Leone	21	70	0	23	5	76	99	0	74	0	53	50	72
70	Liberia	7	54	0	22	22	100	100	4	70	12	54	57	72
71	Togo	9	58	0	98	98	95	96	0	62	0	45	99	71
72	Benin	10	64		99	99	41	18	0	67	0	22	100	74
73	Republic of the Congo	9	76	0	27	27	79	56	0	70	74	62	54	72
74	Namibia	26	95	15			100	100	12	66	53	90	97	76
75	South Africa	15	92	15	79	25	100	50	2	71	61	68	89	74
76	Sao Tome and Principe	53	66	9			100	95	1	57	0	61	100	76
77	Equatorial Guinea	1	88		81	81	8	3	1	64	52	62	92	70
78	Ghana	8	69	14	68	17	100	28	0	69	5	46	76	75
79	Clipperton Island					100				78	0	82	100	78
80	Bahamas	10	96	88	65	36	94	88	87	66	2	82	77	84
81	Cuba	16	92	4	100	23	89	58	8	67	37	71	78	80
82	Haiti	3	66	34	60	21	100	100	0	63	3	49	66	77
83	Dominican Republic	26	85	67	49	77	93	87	12	67	0	62	80	79
84	USA Caribbean Territories	25	94		100	43	86	72	5	72	29	67	95	80
85	British Caribbean Territories	5	93	1	79	43	93	78	100	73	36	85	86	78
86	Saint Kitts and Nevis	3	94		100	55	98	56	41	71	0	75	95	85
87	Antigua and Barbuda	7	93		100	33	97	100	96	75	30	73	86	81
88	Saint Lucia	7	93	0	26	71	65	61	51	73	1	71	70	85
89	Dominica	5	92	0	26	9	98	75	34	79	2	69	60	81
90	Barbados	8	93	3	27	48	100	100	60	71	0	72	81	79
91	Grenada	11	85	0	36	39	98	97	25	64	0	82	57	82
92	Trinidad and Tobago	9	92	96	84	76	81	37	13	67	19	71	90	80
93	Saint Vincent and the Grenadines	7	87	0		74	80	23	13	76	0	72	92	84
94	Netherlands Caribbean Territories	2	90	4	82	96	90	72	56	72	10	78	97	82
95	Panama	7	87	7	30	52	100	100	5	67	31	74	63	81
96	Costa Rica	12	87	97	46	89	56	57	18	68	42	68	84	80
97	Nicaragua	9	74	49	7	13	51	92	1	64	84	65	59	79
98	Colombia	16	85	47	51	66	86	52	0	64	32	67	59	77
99	Honduras	15	77	0	53	48	78	82	2	68	30	63	79	79
100	El Salvador	10	88	25	40	40	83	55	1	62	17	60	70	78
101	Mexico	18	88	63	61	35	47	66	2	63	97	70	81	77
102	Guatemala	16	79	12	87	87	99	100	2	68	92	55	95	75
103	Ecuador	28	85	56	52	63	100	71	1	66	100	73	76	74
104	Peru	0	89	56	37	37	61	32	0	70	17	66	64	75
105	Venezuela	0	88	0	68	40	87	29	0	65	71	60	76	73
106	French Caribbean Territories	12	95	0	98	40	98	72	16	70	15	63	96	80
107	Iceland	21	95	43		41	90	44	16	58	8	81	67	75
108	British Pacific Territories (Pitcairn)	2	90			100	76	73	20	71	0	91	100	80
109	French Polynesia	21	92	97	89	96	100	73	24	79	0	90	98	82
110	Jarvis Island					98				65	100	78	95	76
111	USA Pacific Inhabited Territories	16	95		92	51	81	72	39	69	14	75	96	76
112	Samoa	3	90	0	89	46	1	79	15	75	1	82	96	80
113	Tonga	2	87	0	66	36	100	62	8	76	2	87	86	77
114	USA Pacific Uninhabited Territories					74				65	98	78	91	79
115	New Zealand	17	96	48	80	86	100	43	15	74	46	77	88	81
116	United States	25	97	35	66	79	98	96	1	72	93	74	73	79
117	Belize	6	90	21	43	7	100	100	24	69	57	84	60	82
118	Jamaica	2	83	0	65	25	96	79	16	69	58	64	69	77
119	Guyana	10	81	83	71	71	60	38	3	72	4	78	87	73
120	Suriname	8	88	93	100	100	95	1	5	72	100	77	100	73
121	French Guiana	10	92	0	100	100	68	52	1	78	68	83	100	78
122	Brazil	36	88	29	93	86	53	49	0	67	95	76	92	77
123	Argentina	16	91	36			68	72	1	69	15	71	96	74
124	Uruguay	8	94	0			100	49	7	71	19	63	96	72
125	Finland	28	95	81		84	81	66	5	66	17	80	97	97
126	Denmark	32	97	1	100	96	87	56	38	68	97	82	96	90
127	Germany	26	95	80	100	99	98	82	2	50	100	70	97	80
128	Netherlands	35	96	71	100	100	79	53	4	65	85	67	89	81
129	Poland	10	94	12	66	4	62	61	2	63	11	55	67	82
130	France	72	96	75	79	49	94	67	27	63	29	60	72	77
131	United Kingdom	54	96	58	55	39	72	81	7	67	86	74	82	77
132	Ireland	2	95	71	54	54	81	55	29	62	2	75	78	75
133	Spain	55	95	47	52	52	80	52	34	60	8	76	74	74
134	Portugal	53	94	21			85	80	26	56	32	70	95	72
135	Italy	31	95	63	79	35	60	66	8	68	59	72	93	79
136	Monaco	1	95				95	71	99	43	0	69		85
137	Serbia and Montenegro	4	88	0			75	61	20	78	0	80	99	78
138	Croatia	17	86	49			86	55	24	78	9	82	99	80
139	Slovenia	17	94	98			100	100	7	82	15	76	99	82
140	Lithuania	10	94	62		73	39	97	1	63	56	59	95	83
141	Qatar	4	100	0	90	37	77	27	2	66	5	83	98	85
142	Iran	0	87	4	55	18	100	77	0	62	45	73	74	76
143	Iraq	2	73		80	80	98	12	1	58	0	44	90	74
144	Guinea-Bissau	2	67		23	5	95	9	0	73	99	59	57	69
145	Guinea	17	59	82	33	6	89	74	0	72	75	54	67	68
146	Ivory Coast	14	64	11	21	21	75	96	0	66	28	51	56	72
147	Nigeria	10	70	2	96	25	100	16	0	70	13	40	65	68
148	Cameroon	7	67	80	78	78	68	43	0	72	22	68	84	72
149	Gabon	31	88	0	46	46	49	33	3	72	74	76	55	69
150	Democratic Republic of the Congo	4	55		19	19	100	66	0	53	63	39	53	75
151	Angola	22	79	2	54	17	82	41	0	61	19	71	71	67
152	Tanzania	15	80	58	61	64	100	100	0	69	100	59	73	74
153	India	15	72	70	72	62	49	63	0	63	17	53	89	76
154	Bangladesh	20	73	42	100	100	100	59	0	68	13	62	100	78
155	Myanmar	4	60	100	73	54	78	53	0	59	5	72	87	70
156	Malaysia	2	89	26	64	88	100	82	8	60	9	69	81	76
157	Vietnam	28	73	9	40	81	98	56	1	68	35	64	78	73
158	Singapore	25	96	11	51	26	100	75	14	74	0	67	65	76
159	China	63	89	70	51	46	46	38	0	64	10	56	74	74
160	Japan	56	93	28	96	95	50	100	1	70	84	76	96	79
161	Kiribati	54	81	8	87	91	89	100	1	76	38	79	93	73
162	Antarctica
163	Egypt	37	88	7	85	66	100	70	5	66	65	81	98	81
164	Jordan	4	79		88	63	97	61	3	73	0	90	89	81
165	Indonesia	2	73	84	49	75	79	51	1	66	21	72	74	74
166	Canada	63	96	74	55	98	76	59	15	76	15	89	93	94
167	Saint Pierre and Miquelon	10	88	0		0	95	95	6	62	0	85	78	75
168	Sweden	41	95	14	68	75	100	76	3	83	42	75	92	89
169	Norway	16	97	52		88	92	64	9	73	72	86	94	87
170	Chile	32	94	28			100	81	3	73	65	78	90	79
171	East Timor	0	71		52	29	87	53	0	62	0	66	72	73
172	Bosnia and Herzegovina	8	82	44			73	47	0	70	0	50	71	77
